data,stat,n,p,sample.fraction,min.node.size,mtry,alpha,imbalance.penalty,tuned,method,value
xlearners6,mse,2000,20,0.5,0.990987838013098,0.686890575336292,0.890330136753619,0.833098844857886,1,kriging,4.98628224160126e-07
xlearners6,mse,2000,20,0.5,0.0566616163123399,0.627374088857323,0.53891863906756,0.749798404518515,1,earth,3.85689192145274e-08
xlearners6,mse,2000,20,0.5,5,20,0.05,0,0,notune,2.19967990470922e-07
athey2015machine1,mse,500,10,0.5,0.280736122280359,0.726767513435334,0.540758822346106,0.541166252223775,1,kriging,0.013302787374172
athey2015machine1,mse,500,10,0.5,0.426636898424476,0.997752621537074,0.368083526613191,0.58982784836553,1,earth,0.195576902423306
athey2015machine1,mse,500,10,0.5,5,10,0.05,0,0,notune,2.59146742120231
xlearners4,mse,500,10,0.5,0.107199103804305,0.771993540925905,0.0448394096456468,0.946353571023792,1,kriging,0.000788255997256726
xlearners4,mse,500,10,0.5,0.0303731737658381,0.604591337498277,0.517466624267399,0.974324363516644,1,earth,0.000149636689019254
xlearners4,mse,500,10,0.5,5,10,0.05,0,0,notune,0.00303006386195377
athey2017estimation1,mse,500,10,0.5,0.3187642369885,0.778082206845284,0.636511056451127,0.75680117844604,1,kriging,1.02656851822089
athey2017estimation1,mse,500,10,0.5,0.104032498318702,0.792425647377968,0.991181612713262,0.977020296500996,1,earth,1.02561418663348
athey2017estimation1,mse,500,10,0.5,5,10,0.05,0,0,notune,0.207773582883806
athey2015machine1,mse,2000,10,0.5,0.266407303977758,0.709267885424197,0.628888947656378,0.555633446434513,1,kriging,0.000786434081743771
athey2015machine1,mse,2000,10,0.5,0.53976335329935,0.698229677742347,0.984685395145789,0.0067452855873853,1,earth,0.000545049869916206
athey2015machine1,mse,2000,10,0.5,5,10,0.05,0,0,notune,3.60196067924873
athey2015machine1,mse,500,10,0.5,0.226340638240799,0.761919487034902,0.34255815227516,0.756257274188101,1,kriging,0.238914531229858
athey2015machine1,mse,500,10,0.5,0.0248116187285632,0.728454083902761,0.0308400846552104,0.421961788088083,1,earth,0.354978141974926
athey2015machine1,mse,500,10,0.5,5,10,0.05,0,0,notune,2.93831710589232
athey2015machine1,mse,500,10,0.5,0.271187060745433,0.710211427649483,0.473434144863859,0.531810632441193,1,kriging,0.101308303041591
athey2015machine1,mse,500,10,0.5,0.00918773538433015,0.529128497466445,0.115996119566262,0.999955049017444,1,earth,0.197112366203135
athey2015machine1,mse,500,10,0.5,5,10,0.05,0,0,notune,2.59278299307137
xlearners4,mse,500,10,0.5,0.231510136043653,0.552331322338432,0.049139947630465,0.783346973592415,1,kriging,0.0155234547015569
xlearners4,mse,500,10,0.5,0.275021559791639,0.392605265369639,0.209946779767051,0.999375370331109,1,earth,0.0138002469563677
xlearners4,mse,500,10,0.5,5,10,0.05,0,0,notune,0.0208214370123285
xlearners4,mse,500,10,0.5,0.0896344785578549,0.516949364449829,0.0425410389434546,0.972510959254578,1,kriging,0.0117815526713089
xlearners4,mse,500,10,0.5,0.0221735355444252,0.967868379317224,0.414019045419991,0.914601056370884,1,earth,0.00411970242552885
xlearners4,mse,500,10,0.5,5,10,0.05,0,0,notune,0.020676186224429
xlearners6,mse,2000,20,0.5,0.0394185092300177,0.850568389287218,0.457548432517797,0.968280077446252,1,kriging,1.37033482201659e-07
xlearners6,mse,2000,20,0.5,0.964649505447596,0.991649460513145,0.73618892300874,0.963444832945243,1,earth,1.44944584617774e-07
xlearners6,mse,2000,20,0.5,5,20,0.05,0,0,notune,2.08167020320117e-08
xlearners4,mse,2000,10,0.5,0.110039561986923,0.741110808216035,0.0077655001077801,0.962044093292207,1,kriging,0.00168407807312408
xlearners4,mse,2000,10,0.5,0.127399907214567,0.678635806543753,0.0451666484586895,0.908837420865893,1,earth,0.00118957307689101
xlearners4,mse,2000,10,0.5,5,10,0.05,0,0,notune,0.00143015324222592
athey2017estimation2,mse,500,10,0.5,0.247143406188115,0.756338145816699,0.58341745659709,0.671212884131819,1,kriging,1.96383779265255
athey2017estimation2,mse,500,10,0.5,0.0802145656198263,0.690272083738819,0.567650981014594,0.972442770609632,1,earth,1.96192587294053
athey2017estimation2,mse,500,10,0.5,5,10,0.05,0,0,notune,0.16212583316264
athey2017estimation1,mse,500,10,0.5,0.404512235894799,0.891859127907082,0.392752463696525,0.67807883862406,1,kriging,0.709879697057483
athey2017estimation1,mse,500,10,0.5,0.407394022680819,0.968322872417048,0.607341893715784,0.829718944849446,1,earth,1.0227452121578
athey2017estimation1,mse,500,10,0.5,5,10,0.05,0,0,notune,0.09478987809298
xlearners6,mse,500,20,5,0.5,20,0.05,0,0,kriging,1.15061649442252e-05
xlearners6,mse,500,20,0.17948705679737,0.5,0.993496523471549,0.491602334659547,0.988068962236866,1,earth,3.01269673301612e-05
xlearners6,mse,500,20,5,0.5,20,0.05,0,0,notune,5.91354463855856e-06
xlearners4,mse,500,10,0.5,0.150765740778297,0.474610679550096,0.0680347513407469,0.900904115056619,1,kriging,0.0127819206035805
xlearners4,mse,500,10,0.5,0.0695613843854517,0.403926003957167,0.0857858574017882,0.981168867321685,1,earth,0.0117700661562013
xlearners4,mse,500,10,0.5,5,10,0.05,0,0,notune,0.0225666876778137
xlearners4,mse,2000,10,0.5,0.240030681947246,0.747362441150472,0.125227343523875,0.82069904031232,1,kriging,0.00278496393737559
xlearners4,mse,2000,10,0.5,0.0302015501074493,0.369711719220504,0.00580388703383505,0.755941427312791,1,earth,0.0035973400382776
xlearners4,mse,2000,10,0.5,5,10,0.05,0,0,notune,0.00560683421245318
xlearners4,mse,500,10,0.5,0.082904010778293,0.512147316709161,0.115726422984153,0.984842993086204,1,kriging,0.00451669149292966
xlearners4,mse,500,10,0.5,0.0449881860986352,0.951131559209898,0.368434728588909,0.982044470263645,1,earth,0.0112832315022882
xlearners4,mse,500,10,0.5,5,10,0.05,0,0,notune,0.0175369660816403
athey2015machine1,mse,500,10,0.5,0.247379102278501,0.777288874145597,0.71491027623415,0.647689419565722,1,kriging,0.0293808825401678
athey2015machine1,mse,500,10,0.5,0.242214106023312,0.998098982265219,0.146265497431159,0.395800591213629,1,earth,0.252119493721845
athey2015machine1,mse,500,10,0.5,5,10,0.05,0,0,notune,2.39290789521681
athey2017estimation1,mse,500,10,0.5,0.401423951378092,0.899091399973258,0.723923901095986,0.355825937353075,1,kriging,1.05307133362354
athey2017estimation1,mse,500,10,0.5,0.350518766790628,0.998814265942201,0.377639137208462,0.330251438077539,1,earth,0.6411070954865
athey2017estimation1,mse,500,10,0.5,5,10,0.05,0,0,notune,0.158373868663209
athey2017estimation1,mse,2000,10,0.5,0.439116392284632,0.744344244943932,0.502169129205868,0.69713777047582,1,kriging,1.01303075078562
athey2017estimation1,mse,2000,10,0.5,0.673541118623689,0.968113512964919,0.189596051350236,0.984756798949093,1,earth,0.454821755441866
athey2017estimation1,mse,2000,10,0.5,5,10,0.05,0,0,notune,0.0435937391387573
xlearners6,mse,500,20,0.5,0.504093375988305,0.948921308852732,0.0192179437726736,0.952336244983599,1,kriging,1.13922986432233e-05
xlearners6,mse,500,20,0.5,0.92401911271736,0.498291246127337,0.317522155120969,0.448014070279896,1,earth,6.51963396423103e-06
xlearners6,mse,500,20,0.5,5,20,0.05,0,0,notune,6.65990671701296e-06
athey2017estimation2,mse,2000,10,0.5,0.311783972894773,0.713807927677408,0.0274229852948338,0.592844140948728,1,kriging,0.799023688087582
athey2017estimation2,mse,2000,10,0.5,0.00731810741126537,0.87351885298267,0.017025567824021,0.990043235011399,1,earth,0.859346459953822
athey2017estimation2,mse,2000,10,0.5,5,10,0.05,0,0,notune,0.0890682495265584
athey2017estimation1,mse,500,10,0.5,0.456000441685319,0.849282536190003,0.58376080240123,0.72453425754793,1,kriging,0.988490774052727
athey2017estimation1,mse,500,10,0.5,0.487460535019636,0.994734852341935,0.811154816066846,0.754579624626786,1,earth,0.985042204061681
athey2017estimation1,mse,500,10,0.5,5,10,0.05,0,0,notune,0.13016544093292
athey2017estimation2,mse,2000,10,0.5,0.28606196702458,0.672901484649628,0.290646535810083,0.616531020030379,1,kriging,0.873295771699365
athey2017estimation2,mse,2000,10,0.5,0.0381697723641992,0.409896221011877,0.737691410351545,0.974128605099395,1,earth,1.84389599271609
athey2017estimation2,mse,2000,10,0.5,5,10,0.05,0,0,notune,0.0559398388387551
xlearners1,mse,500,10,0.5,0.0172084327787161,0.296427692985162,0.728762228274718,0.873241390101612,1,kriging,18.3482556401751
xlearners1,mse,500,10,0.5,0.00286374636925757,0.78079804754816,0.879952072165906,0.997940502129495,1,earth,18.3374529217033
xlearners1,mse,500,10,0.5,5,10,0.05,0,0,notune,16.7166394457471
xlearners6,mse,500,20,0.5,0.489107318222523,0.650673151016235,0.541009516920894,0.99378504534252,1,kriging,1.10612680195678e-06
xlearners6,mse,500,20,0.5,0.520402267808095,0.525788409402594,0.0937089247163385,0.596719720168039,1,earth,9.12006536109624e-07
xlearners6,mse,500,20,0.5,5,20,0.05,0,0,notune,5.27896280715031e-07
athey2017estimation2,mse,2000,10,0.5,0.401527638314292,0.959824999095872,0.537020932184532,0.0823319931514561,1,kriging,1.80253624945261
athey2017estimation2,mse,2000,10,0.5,0.601131561212242,0.932471642736346,0.999950192170218,0.827509535476565,1,earth,1.8032266209173
athey2017estimation2,mse,2000,10,0.5,5,10,0.05,0,0,notune,0.0657495695762387
athey2017estimation2,mse,500,10,0.5,0.196748925605789,0.898969067726284,0.394842891953886,0.682319499086589,1,kriging,1.13342266831752
athey2017estimation2,mse,500,10,0.5,0.315220846561715,0.986916713882238,0.670711083803326,0.997639584355056,1,earth,1.7097735360083
athey2017estimation2,mse,500,10,0.5,5,10,0.05,0,0,notune,0.14758258763612
xlearners6,mse,2000,20,0.5,0.555088202469051,0.909816454630345,0.523602133383974,0.907970403088257,1,kriging,5.28679397454083e-07
xlearners6,mse,2000,20,0.5,0.738292345311493,0.997133200522512,0.123487153789029,0.993973338976502,1,earth,3.87401439523406e-08
xlearners6,mse,2000,20,0.5,5,20,0.05,0,0,notune,5.29944793630409e-08
xlearners6,mse,500,20,5,0.5,20,0.05,0,0,kriging,1.91174504588561e-06
xlearners6,mse,500,20,0.896863149479032,0.5,0.162106961244717,0.580009204568341,0.70025483914651,1,earth,6.83742176835521e-07
xlearners6,mse,500,20,5,0.5,20,0.05,0,0,notune,1.03956932634861e-06
xlearners4,mse,500,10,0.5,0.181831632275134,0.707705538719893,0.232163045089692,0.84177586552687,1,kriging,0.00372457247089273
xlearners4,mse,500,10,0.5,0.012568595353514,0.602740111527964,0.879086240427569,0.931370219215751,1,earth,0.00082887613983183
xlearners4,mse,500,10,0.5,5,10,0.05,0,0,notune,0.00674359692535038
athey2015machine1,mse,500,10,0.5,0.327266237698495,0.832345681264997,0.416196505539119,0.511553955031559,1,kriging,0.202774509186681
athey2015machine1,mse,500,10,0.5,0.30482290755026,0.977252308046445,0.583004544023424,0.130685756215826,1,earth,0.0151688077763764
athey2015machine1,mse,500,10,0.5,5,10,0.05,0,0,notune,2.81544616422626
xlearners6,mse,500,20,0.5,0.975632440065965,0.426082916557789,0.668760419590399,0.68797621037811,1,kriging,2.7940454754896e-05
xlearners6,mse,500,20,0.5,0.00354604097083211,0.625357998535037,0.771502803079784,0.98126949951984,1,earth,1.03700514220236e-05
xlearners6,mse,500,20,0.5,5,20,0.05,0,0,notune,2.84001946068694e-06
xlearners6,mse,500,20,5,0.5,20,0.05,0,0,kriging,1.30837379662102e-05
xlearners6,mse,500,20,0.0254661159124225,0.5,0.200802055420354,0.935880510369316,0.997831592801958,1,earth,1.07614835173706e-07
xlearners6,mse,500,20,5,0.5,20,0.05,0,0,notune,4.25630591791559e-06
athey2017estimation1,mse,500,10,0.5,0.270188380032778,0.768126210197806,0.367010202957317,0.667906426591799,1,kriging,0.730464970064995
athey2017estimation1,mse,500,10,0.5,0.473631753819063,0.98392089898698,0.362225437071174,0.800808276049793,1,earth,0.730903949028771
athey2017estimation1,mse,500,10,0.5,5,10,0.05,0,0,notune,0.300973591401865
xlearners1,mse,500,10,0.5,0.0748662028927356,0.193385014077649,0.660155148245394,0.906719126738608,1,kriging,16.0951273370163
xlearners1,mse,500,10,0.5,0.00386073044501245,0.818009956507012,0.681215722579509,0.963025078177452,1,earth,16.0690110154327
xlearners1,mse,500,10,0.5,5,10,0.05,0,0,notune,15.3617565645193
athey2017estimation2,mse,500,10,0.5,0.203279231674969,0.817371351644397,0.513729844940826,0.588328031357378,1,kriging,1.91393745992433
athey2017estimation2,mse,500,10,0.5,0.00292077730409801,0.951912219868973,0.520597103051841,0.644796655280516,1,earth,1.92004572911871
athey2017estimation2,mse,500,10,0.5,5,10,0.05,0,0,notune,0.212646279674284
athey2017estimation2,mse,2000,10,0.5,0.3693421354983,0.70928617590107,0.547379841096699,0.395248937653378,1,kriging,1.75086576483697
athey2017estimation2,mse,2000,10,0.5,0.399857119191438,0.72704321728088,0.315839906223118,0.264357176842168,1,earth,0.82927857517498
athey2017estimation2,mse,2000,10,0.5,5,10,0.05,0,0,notune,0.0582605274069058
xlearners1,mse,2000,10,0.5,0.0327507839538157,0.413412549998611,0.579412367660552,0.796223633689806,1,kriging,16.1764206466087
xlearners1,mse,2000,10,0.5,0.0115888244472444,0.646014324156567,0.247651095502079,0.997359870467335,1,earth,8.56237074236817
xlearners1,mse,2000,10,0.5,5,10,0.05,0,0,notune,1.66434642827683
xlearners6,mse,500,20,5,0.5,20,0.05,0,0,kriging,3.28121562372161e-06
xlearners6,mse,500,20,0.141658193198964,0.5,0.506092450814322,0.435496513964608,0.972066699527204,1,earth,2.0723785689637e-07
xlearners6,mse,500,20,5,0.5,20,0.05,0,0,notune,7.70214655475553e-06
athey2017estimation1,mse,2000,10,0.5,0.374394366750494,0.685798908816651,0.268630457343534,0.473164846654981,1,kriging,0.42948858639705
athey2017estimation1,mse,2000,10,0.5,0.653167185373604,0.990317526040599,0.390462078154087,0.288430492859334,1,earth,0.48234676231006
athey2017estimation1,mse,2000,10,0.5,5,10,0.05,0,0,notune,0.0409433856493994
xlearners4,mse,2000,10,0.5,0.0504292054101825,0.514468455919996,0.0692943790927529,0.992503629531711,1,kriging,0.000455265606370332
xlearners4,mse,2000,10,0.5,0.00724522164091468,0.0748982557561249,0.029126864625141,0.9145568148233,1,earth,0.000635639761727031
xlearners4,mse,2000,10,0.5,5,10,0.05,0,0,notune,0.00196932631857665
xlearners1,mse,500,10,0.5,0.0810037315823138,0.387975855031982,0.600425335811451,0.828842267859727,1,kriging,16.0996742148822
xlearners1,mse,500,10,0.5,0.00817467272281647,0.666629173792899,0.981658650329337,0.844665013253689,1,earth,16.1156616971294
xlearners1,mse,500,10,0.5,5,10,0.05,0,0,notune,15.5772448817043
xlearners4,mse,500,10,0.5,0.142678793286905,0.712327954825014,0.0784627879038453,0.94244443741627,1,kriging,0.00759284752746816
xlearners4,mse,500,10,0.5,0.0757400367874652,0.719962700270116,0.0472739732358605,0.828183539677411,1,earth,0.0045964523931045
xlearners4,mse,500,10,0.5,5,10,0.05,0,0,notune,0.0123231446023915
xlearners1,mse,500,10,0.5,0.0735918383579701,0.674045786494389,0.594448910327628,0.976656384533271,1,kriging,20.3805154109644
xlearners1,mse,500,10,0.5,0.00439279666170478,0.19774132873863,0.947515740524977,0.958351534092799,1,earth,21.4184536278776
xlearners1,mse,500,10,0.5,5,10,0.05,0,0,notune,16.0774335915937
athey2017estimation2,mse,500,10,0.5,0.299138393718749,0.885237502167001,0.390006185974926,0.501830809516832,1,kriging,1.21729702505997
athey2017estimation2,mse,500,10,0.5,0.0087557639926672,0.524559696670622,0.125758637674153,0.303355420939624,1,earth,1.13539531803454
athey2017estimation2,mse,500,10,0.5,5,10,0.05,0,0,notune,0.178695532546625
xlearners6,mse,500,20,0.5,0.375674028182402,0.525330662028864,0.593487987993285,0.937628723215312,1,kriging,5.20511113443173e-07
xlearners6,mse,500,20,0.5,0.517359612509608,0.557750753359869,0.173581502400339,0.16001388663426,1,earth,2.87004222599508e-07
xlearners6,mse,500,20,0.5,5,20,0.05,0,0,notune,8.06014103909699e-07
xlearners1,mse,2000,10,0.5,0.0397589197382331,0.445956557523459,0.126225964631885,0.929558167932555,1,kriging,8.00143603440029
xlearners1,mse,2000,10,0.5,0.0200114287436008,0.710209229495376,0.173495375085622,0.960721198003739,1,earth,7.87808872665098
xlearners1,mse,2000,10,0.5,5,10,0.05,0,0,notune,3.02412392983334
athey2017estimation2,mse,500,10,0.5,0.282442324794829,0.867689159698784,0.344784373650327,0.436496756738052,1,kriging,1.18044217014155
athey2017estimation2,mse,500,10,0.5,0.0965183402877301,0.995512175373733,0.787736177211627,0.278874316718429,1,earth,1.76468540686249
athey2017estimation2,mse,500,10,0.5,5,10,0.05,0,0,notune,0.185005711054714
athey2015machine1,mse,2000,10,0.5,0.426964869489893,0.783353344537318,0.521098264493048,0.319941016612574,1,kriging,0.00907700339508918
athey2015machine1,mse,2000,10,0.5,0.360853161197156,0.568874179851264,0.570004952140152,0.724460935918614,1,earth,0.00979299652520356
athey2015machine1,mse,2000,10,0.5,5,10,0.05,0,0,notune,3.98387907214266
athey2015machine1,mse,500,10,0.5,0.254464459139854,0.665723163168877,0.427025989629328,0.811395048862323,1,kriging,0.199169306797359
athey2015machine1,mse,500,10,0.5,0.578610723605379,0.961819343734533,0.904453629394993,0.674198364140466,1,earth,0.0171610644835356
athey2015machine1,mse,500,10,0.5,5,10,0.05,0,0,notune,3.54828096317202
xlearners1,mse,500,10,0.5,0.0973016221541911,0.505994092207402,0.569022642681375,0.969981224741787,1,kriging,16.0673063351585
xlearners1,mse,500,10,0.5,0.021406325744465,0.0344979779329151,0.708336978917941,0.995852364460006,1,earth,16.1009900490873
xlearners1,mse,500,10,0.5,5,10,0.05,0,0,notune,15.5645802092455
athey2015machine1,mse,500,10,0.5,0.320052991388366,0.868924733716995,0.321536717936397,0.753370110876858,1,kriging,0.25631211943293
athey2015machine1,mse,500,10,0.5,0.548781587043777,0.906231567030773,0.0627592941746116,0.900339494459331,1,earth,0.285045817696529
athey2015machine1,mse,500,10,0.5,5,10,0.05,0,0,notune,3.06184300771716
xlearners4,mse,2000,10,0.5,0.185954451560974,0.238234294112772,0.0123909586109221,0.961477619130164,1,kriging,0.0025793235327508
xlearners4,mse,2000,10,0.5,0.107854382367805,0.622271742438897,0.0191421129275113,0.997986069647595,1,earth,0.00246279496844599
xlearners4,mse,2000,10,0.5,5,10,0.05,0,0,notune,0.00421339579793054
athey2017estimation2,mse,500,10,0.5,0.327201935229823,0.871460007037967,0.325717675732449,0.403775627724826,1,kriging,1.18526380745463
athey2017estimation2,mse,500,10,0.5,0.514003053773195,0.881657804595307,0.341469217091799,0.0161768777761608,1,earth,1.06234005194472
athey2017estimation2,mse,500,10,0.5,5,10,0.05,0,0,notune,0.22696382904541
athey2015machine1,mse,500,10,0.5,0.278439943678677,0.813803845318034,0.527181056560948,0.676809101831168,1,kriging,0.00903562580183489
athey2015machine1,mse,500,10,0.5,0.627089185640216,0.985663839383051,0.124016877030954,0.34502981742844,1,earth,0.378069833420751
athey2015machine1,mse,500,10,0.5,5,10,0.05,0,0,notune,3.22969789929218
xlearners6,mse,2000,20,0.5,0.34982524276711,0.950628504622728,0.500956033589318,0.999103981768712,1,kriging,5.11778131254206e-07
xlearners6,mse,2000,20,0.5,0.0122630300465971,0.947215490275994,0.665362327592447,0.997089319629595,1,earth,1.33885399052698e-06
xlearners6,mse,2000,20,0.5,5,20,0.05,0,0,notune,2.8621731255131e-08
athey2017estimation1,mse,2000,10,0.5,0.420858233468607,0.750679266406223,0.572479580063373,0.440367265604436,1,kriging,0.982643234310278
athey2017estimation1,mse,2000,10,0.5,0.617741907248273,0.999435759149492,0.561720132362098,0.684661557665095,1,earth,0.983527210357942
athey2017estimation1,mse,2000,10,0.5,5,10,0.05,0,0,notune,0.0449596455657935
athey2017estimation2,mse,500,10,0.5,0.372590612852946,0.867372394539416,0.635507554979995,0.601112660719082,1,kriging,1.80408068666929
athey2017estimation2,mse,500,10,0.5,0.4875707924366,0.741244188509881,0.707402809988707,0.0769052682444453,1,earth,1.80591710758511
athey2017estimation2,mse,500,10,0.5,5,10,0.05,0,0,notune,0.186397259358586
xlearners4,mse,2000,10,0.5,0.133658056147397,0.445342576131225,0.00458891876041889,0.970372668001801,1,kriging,0.000613466571785566
xlearners4,mse,2000,10,0.5,0.0463751330971718,0.509199979249388,0.0204347020480782,0.790769970510155,1,earth,0.000742894848974486
xlearners4,mse,2000,10,0.5,5,10,0.05,0,0,notune,0.00134686780825095
athey2017estimation1,mse,2000,10,0.5,0.400461124023423,0.678905915468931,0.263019407633692,0.516668634722009,1,kriging,0.432840627783221
athey2017estimation1,mse,2000,10,0.5,0.0158812103327364,0.342555401381105,0.682163419434801,0.911841575521976,1,earth,0.99585415239642
athey2017estimation1,mse,2000,10,0.5,5,10,0.05,0,0,notune,0.0443299464065112
athey2017estimation1,mse,500,10,0.5,0.296480966499075,0.79195040720515,0.486744224559516,0.69813868147321,1,kriging,0.876438762780913
athey2017estimation1,mse,500,10,0.5,0.364508550381288,0.998954940820113,0.18042586138472,0.0869077164679766,1,earth,0.598548968000064
athey2017estimation1,mse,500,10,0.5,5,10,0.05,0,0,notune,0.258344575990254
athey2015machine1,mse,2000,10,0.5,0.272614372195676,0.737274348270148,0.428569505456835,0.592206133063883,1,kriging,0.404837168971916
athey2015machine1,mse,2000,10,0.5,0.487426354782656,0.993457509670407,0.244247328024358,0.925272229127586,1,earth,0.419839743152354
athey2015machine1,mse,2000,10,0.5,5,10,0.05,0,0,notune,3.54824652068167
athey2015machine1,mse,500,10,0.5,0.251340798567981,0.829721948830411,0.51541851926595,0.685631877509877,1,kriging,0.00806123552873328
athey2015machine1,mse,500,10,0.5,0.381176636554301,0.980955785838887,0.32902355492115,0.514860730851069,1,earth,0.278418722160295
athey2015machine1,mse,500,10,0.5,5,10,0.05,0,0,notune,3.37055969705369
xlearners4,mse,2000,10,0.5,0.197991742519662,0.746616152115166,0.0284098908305168,0.951104931300506,1,kriging,0.00345476302031159
xlearners4,mse,2000,10,0.5,0.157743161311373,0.996917428215966,0.0318982172757387,0.998517338419333,1,earth,0.00187152119660833
xlearners4,mse,2000,10,0.5,5,10,0.05,0,0,notune,0.00278361751920818
athey2015machine1,mse,500,10,0.5,0.232749962015077,0.731412598630413,0.320042602252215,0.486303310375661,1,kriging,0.289600596555054
athey2015machine1,mse,500,10,0.5,0.0179920180235058,0.437473706435412,0.264033629791811,0.0342327884864062,1,earth,0.395048366984999
athey2015machine1,mse,500,10,0.5,5,10,0.05,0,0,notune,2.80235776608854
athey2017estimation2,mse,500,10,0.5,0.248704163124785,0.872067417716607,0.623922571074218,0.424111104104668,1,kriging,1.78236174495163
athey2017estimation2,mse,500,10,0.5,0.301952262641862,0.998871529707685,0.0513081792742014,0.7506221185904,1,earth,1.18653493151977
athey2017estimation2,mse,500,10,0.5,5,10,0.05,0,0,notune,0.257479365579352
athey2017estimation1,mse,500,10,0.5,0.199651155155152,0.786129076732323,0.322586950846016,0.783040188020095,1,kriging,0.724000930476407
athey2017estimation1,mse,500,10,0.5,0.00636244239285588,0.910253788810223,0.356874478980899,0.956516186706722,1,earth,0.730992476928923
athey2017estimation1,mse,500,10,0.5,5,10,0.05,0,0,notune,0.346299224679568
xlearners6,mse,500,20,5,0.5,20,0.05,0,0,kriging,3.49652986660254e-06
xlearners6,mse,500,20,0.837617878802121,0.5,0.879913242766634,0.00750637799501419,0.745519831310958,1,earth,1.7899577598051e-06
xlearners6,mse,500,20,5,0.5,20,0.05,0,0,notune,2.63072683710193e-06
athey2015machine1,mse,500,10,0.5,0.373620956903324,0.784727949649096,0.447639259975404,0.70827356656082,1,kriging,0.135487834583724
athey2015machine1,mse,500,10,0.5,0.219609262188897,0.993467461084947,0.274065168574452,0.233792627230287,1,earth,0.231681953270301
athey2015machine1,mse,500,10,0.5,5,10,0.05,0,0,notune,2.02562342386759
xlearners1,mse,2000,10,0.5,0.0462261005304754,0.557769747450948,0.497612453764305,0.769819183740765,1,kriging,14.5516642988105
xlearners1,mse,2000,10,0.5,0.0293348138220608,0.601379074621946,0.41398709337227,0.992288371780887,1,earth,9.11395738700607
xlearners1,mse,2000,10,0.5,5,10,0.05,0,0,notune,7.87498391032744
xlearners6,mse,500,20,5,0.5,20,0.05,0,0,kriging,2.18831220953422e-05
xlearners6,mse,500,20,0.447034413926303,0.5,0.624245934421197,0.0594348388258368,0.99261016305536,1,earth,2.67526086302053e-06
xlearners6,mse,500,20,5,0.5,20,0.05,0,0,notune,1.49244599821286e-06
athey2015machine1,mse,2000,10,0.5,0.373794543324038,0.815062534296885,0.323022859636694,0.780579465907067,1,kriging,0.42040491678313
athey2015machine1,mse,2000,10,0.5,0.249541629571468,0.594076707726344,0.359870028216392,0.830129859037697,1,earth,0.412447225766888
athey2015machine1,mse,2000,10,0.5,5,10,0.05,0,0,notune,3.39614732589337
xlearners4,mse,500,10,0.5,0.2398931235075,0.598416049731895,0.0796492961235344,0.8599882889539,1,kriging,0.0021306689200513
xlearners4,mse,500,10,0.5,0.0225431441795081,0.926894673379138,0.11181951337494,0.641728741582483,1,earth,0.00475409358257943
xlearners4,mse,500,10,0.5,5,10,0.05,0,0,notune,0.0091256361918377
xlearners1,mse,500,10,0.5,0.0244583082385361,0.953129616333172,0.378167231567204,0.949275312013924,1,kriging,13.7346033420171
xlearners1,mse,500,10,0.5,0.0203404701314867,0.859862572047859,0.205106566194445,0.969373228261247,1,earth,13.2827200724331
xlearners1,mse,500,10,0.5,5,10,0.05,0,0,notune,14.3359473652252
xlearners6,mse,500,20,5,0.5,20,0.05,0,0,kriging,3.04328493748369e-06
xlearners6,mse,500,20,0.860968222375959,0.5,0.997154206503183,0.345397083321586,0.995589148253202,1,earth,2.73349704470518e-07
xlearners6,mse,500,20,5,0.5,20,0.05,0,0,notune,1.85563480443348e-06
athey2017estimation1,mse,500,10,0.5,0.376921485178173,0.870657715713605,0.238205878529698,0.503810243215412,1,kriging,0.622305213101148
athey2017estimation1,mse,500,10,0.5,0.0179369424004108,0.983531311387196,0.25692543014884,0.990906441584229,1,earth,0.675274597955395
athey2017estimation1,mse,500,10,0.5,5,10,0.05,0,0,notune,0.178091841022677
athey2017estimation1,mse,500,10,0.5,0.307827213546261,0.824539484689012,0.704964038915932,0.468777065165341,1,kriging,1.01014008377756
athey2017estimation1,mse,500,10,0.5,0.52898144396022,0.998511416139081,0.9389823442325,0.973403688520193,1,earth,1.0223548605703
athey2017estimation1,mse,500,10,0.5,5,10,0.05,0,0,notune,0.132154616526247
athey2015machine1,mse,500,10,0.5,0.283793726470321,0.785945089533925,0.303197847679257,0.754735791124403,1,kriging,0.224266629888036
athey2015machine1,mse,500,10,0.5,0.0791141313966364,0.952127441298217,0.798443663865328,0.97923665237613,1,earth,0.0251363086032278
athey2015machine1,mse,500,10,0.5,5,10,0.05,0,0,notune,2.9913817211291
athey2017estimation2,mse,2000,10,0.5,0.416262323269621,0.851899391738698,0.281455366872251,0.632787579670548,1,kriging,0.920533398716156
athey2017estimation2,mse,2000,10,0.5,0.076561811612919,0.842856355477124,0.699429017258808,0.94741243775934,1,earth,1.84759886688727
athey2017estimation2,mse,2000,10,0.5,5,10,0.05,0,0,notune,0.091026149794641
xlearners4,mse,2000,10,0.5,0.140285853296518,0.753798239165917,0.0834671603515744,0.937893375521526,1,kriging,0.000981478224907544
xlearners4,mse,2000,10,0.5,0.0393884461373091,0.547173043945804,0.0509636886417866,0.982768477872014,1,earth,0.000578761824544674
xlearners4,mse,2000,10,0.5,5,10,0.05,0,0,notune,0.00166518968821613
xlearners4,mse,500,10,0.5,0.0348259250167757,0.872305630706251,0.168164033442736,0.951879853149876,1,kriging,0.00136280634413989
xlearners4,mse,500,10,0.5,0.0302214776165783,0.0208172090351582,0.116234702756628,0.98478542198427,1,earth,0.000911099464864283
xlearners4,mse,500,10,0.5,5,10,0.05,0,0,notune,0.00235224317544436
xlearners4,mse,2000,10,0.5,0.161329925991595,0.599160525714979,0.00782875460572541,0.981710774824023,1,kriging,0.00615159364793077
xlearners4,mse,2000,10,0.5,0.0760280275717378,0.713995617581531,0.0382332094013691,0.975252066273242,1,earth,0.00584196653531889
xlearners4,mse,2000,10,0.5,5,10,0.05,0,0,notune,0.00683713953845537
